$ANSIBLE_VAULT;1.1;AES256
34626635333437316265393163666665383235323064353639313962313530386139376366666635
3034643333396662316665323565346332306234323832330a633339396138383661306638393265
64616335356164633262383964333436326162393138383164326435326165336162383465333735
3338653362373063300a353965316330613930353362356233643163343261376335646262626463
39393635353638633565316230343734343364303937633737626632393763373632643765376538
37333137633962656135653331613239373135363062373361376433363362613534313030376461
33316439623963666430633665386664613564613530393164303738306339623762626433353662
35346133313239373231396237346437316634643732323031353236333338393438653631346631
33333338663365393532363765343062396236363032356332383863353534343161663865376631
36326131623237356238313364616633643533336332396465633362636566313464636231336561
65393735663039353130363661313762613434666362323138643030363863313263326534663238
37303137383764376163396166666566333337643865396638633136386139346534663633376231
36633732356263646261656631386264343731663139333835353735343731393536663561363934
34613339653135386466633662356630613133643035313861393934663764346337363234393738
32636466333132346363636130633831333931626565373938626134623834306437393063313634
61313534363363313436616333653838313562646138386362323266613563386564303238363831
31626339373939323664323463306563303933363237323666323832393430353337656635623636
39656666623861343230366532396635383438653832336338653565326666626332666531323365
35666439336434353236316364666637343665343633643266366638376533613435313135616539
31326163353265656661366338633364616531313164336539633539643230636634386332393038
36633231333037626535643165373963323137376663313334363139333162356338343734366266
35373430396438373033386262373331343435353962313739613834383438633632356533336535
63646531633337353165613430396135323739646134353738353130313764353430386334646466
33346163666662636336363930303737653161316239376664343334633965663530356361353533
34366663326665363065633836363435326636396232623536633738623038613530353030393062
65326263613832643532313034373732613061323433346263653063356663353138663062386662
31383536306130383963653065346464646637373735316166643538633436393636303762343235
65303634643837663761303732626563356465353635623238383437346534393838343734393036
32376361326136633963383039326362616331323238643866363733653466306533303730333039
6335346630663362313533613337613739653831653261326633
